100
16808
475250
650074
943659
108931
211273
27545
850879
777924
237710
564441
438166
484493
243043
807988
522504
282328
531730
378841
542613
544304
833170
817710
97158
129561
570934
493100
280279
351817
795336
899098
807827
613513
929268
723811
877634
580980
379150
236580
558822
511968
10673
901394
819337
125486
91746
425229
894092
640195
186358
35002
921154
616709
357945
515669
571491
788125
702197
509531
60904
727723
454667
728550
118025
797802
806854
540978
847409
308229
374934
260299
938982
28636
408014
623866
389815
739064
554537
339426
1670
724116
220095
75630
446502
546518
934196
30106
810405
319452
194299
782189
821124
799506
246883
406753
731567
936717
130338
354439
53145
